pages,articles,edits,images,users,activeusers,admins,jobs,cirrussearch-article-words,queued-massmessages,language
509,0,4685,0,4063,0,1,0,0,0,aa
20492,5997,119495,9,17936,19,2,0,228414,0,ab
26523,12551,143803,0,24441,46,3,0,719707,0,ace
3149,452,12171,0,6099,15,1,0,35136,0,ady
373729,104842,2523053,9617,154016,151,16,0,36364438,0,af
2445,591,28952,0,12646,8,1,0,155860,0,ak
70451,29162,1018808,571,93406,90,9,0,12551050,0,als
3774,1044,37611,0,1742,16,2,0,589250,0,alt
45981,15058,372093,1766,39860,47,2,0,1766056,0,am
1669,841,32539,0,1033,23,0,0,421221,0,ami
128809,42365,1847426,1510,69096,80,6,0,7953961,0,an
16681,3751,206489,299,118495,42,2,0,365764,0,ang
7857881,1188337,59318307,50327,2313589,5500,27,0,373895655,0,ar
6446,1862,95427,0,18937,14,2,0,57123,0,arc
44238,5855,206068,58,6758,37,4,0,895239,0,ary
2028318,1602914,7366794,1480,191994,199,7,0,328038236,0,arz
73864,10758,334070,1724,35045,77,5,0,6427774,0,as
229267,130314,3721275,0,107992,116,11,0,81932822,0,ast
3025,1919,14801,0,3753,9,5,0,105376,0,atj
14863,3178,83689,0,13488,28,2,0,578156,0,av
30297,24924,117685,0,3252,30,6,0,2289888,0,avk
5351,2436,24133,0,1982,8,1,0,235092,0,awa
8636,5032,95679,0,15457,23,1,0,452521,0,ay
513919,188446,6673026,21315,254670,628,17,0,57493359,0,az
572675,242474,1527585,248,38673,101,5,0,14345641,0,azb
170738,60624,1178401,1458,35807,82,7,0,25135988,0,ba
32127,16078,129009,114,5656,45,3,0,2906950,0,ban
108791,26846,831999,1320,64011,53,3,0,5664959,0,bar
29181,17122,356489,109,24308,26,5,0,672085,0,bat-smg
33887,12470,236065,865,19991,45,3,0,3475563,0,bcl
651182,223729,4210560,3257,122311,309,11,0,52575804,0,be
227627,79275,2333127,1904,76852,137,4,0,19153489,0,be-tarask
634579,284963,11519978,528,313644,697,25,0,102778772,0,bg
69592,8080,725018,53,30118,42,2,0,1279321,0,bh
3316,1398,42242,0,12228,13,2,0,42071,0,bi
22643,4669,77524,1,12916,41,2,0,728198,0,bjn
4227,1112,19167,0,350,25,1,0,527296,0,blk
3151,779,40538,0,9946,18,2,0,62827,0,bm
997849,128424,6124355,15692,390805,1198,13,0,60420219,0,bn
17600,6012,139995,0,26739,23,1,0,10493485,0,bo
62869,25086,889051,45,23639,15,3,0,2432762,0,bpy
144324,74425,2010811,5321,70843,102,6,0,12975957,0,br
368332,90582,3422217,5472,145744,185,9,0,34036834,0,bs
19646,15396,200918,0,12364,14,1,0,322720,0,bug
11049,2773,70034,9,13977,22,1,0,663834,0,bxr
1774398,712010,30670522,15720,429821,1069,30,0,330171483,0,ca
8250,3133,110146,0,13600,20,2,0,625614,0,cbk-zam
31410,15573,90627,0,19130,27,4,0,738219,0,cdo
911743,484629,8708110,316,31190,56,3,0,60167442,0,ce
11232358,6125594,34885563,0,94875,192,6,0,1239999620,0,ceb
2502,543,22865,0,14520,14,1,0,20506,0,ch
201,6,4220,0,1809,0,1,0,395,0,cho
3906,1020,46250,0,22037,14,1,0,67124,0,chr
2262,663,24168,0,10667,9,1,0,8111,0,chy
187384,43504,991767,1621,52144,158,7,0,8373873,0,ckb
14880,6276,380139,0,20086,49,2,0,1165230,0,co
2162,158,37480,0,16871,18,2,0,2352,0,cr
40906,20763,179754,0,18098,35,2,0,891586,0,crh
1413731,511037,21697134,1,591259,2139,32,0,228453082,0,cs
8729,5436,186070,0,15541,19,3,0,429847,0,csb
5574,1174,82688,0,23264,16,2,0,70809,0,cu
98382,49920,765413,537,31495,53,2,0,6391600,0,cv
418782,277474,11396782,11277,74703,113,16,0,52354279,0,cy
911247,285401,11233539,0,438767,797,25,0,87570102,0,da
4573,2122,45760,0,1930,40,3,0,654352,0,dag
7536941,2730676,225227708,128523,4003592,16962,187,0,1441624439,0,de
1089,305,8060,0,5725,12,1,0,85711,0,din
60588,40166,488056,209,25207,21,3,0,3024798,0,diq
11208,3331,143036,0,17349,20,1,0,458721,0,dsb
19296,3307,237570,3,5597,15,3,0,451266,0,dty
11209,3020,130101,932,23495,23,3,0,783937,0,dv
2295,229,29456,0,9304,10,1,0,345702,0,dz
3168,445,50340,0,13370,21,3,0,56337,0,ee
633903,213661,9682960,18561,373056,1043,22,0,128548584,0,el
35088,13013,152679,2742,23586,29,3,0,3385849,0,eml
56647820,6557837,1109229043,893711,44267386,120944,1028,0,4212400413,0,en
725623,325171,7722575,11564,201113,312,16,0,75443642,0,eo
7740874,1806824,145896844,0,6654067,14419,63,0,1069706660,0,es
544321,230482,6198529,757,169883,533,34,0,53606700,0,et
830590,399277,9031603,0,139917,303,12,0,71397050,0,eu
7592,3396,116393,0,16171,26,1,0,590445,0,ext
5370327,932229,35594965,82327,1153231,4896,34,0,177903261,0,fa
2656,573,25682,0,7963,23,1,0,131334,0,ff
1416571,539447,20772698,71338,524518,1763,32,0,151820320,0,fi
12227,6354,177442,179,13296,21,4,0,464734,0,fiu-vro
3631,1274,35463,0,8418,9,1,0,86372,0,fj
40304,13805,369250,0,27180,47,3,0,2207333,0,fo
12214016,2459897,197000492,68790,4478613,16904,157,0,1547797153,0,fr
15636,5629,216832,0,14879,27,2,0,528454,0,frp
41841,16298,234918,1338,18186,41,5,0,1714531,0,frr
8615,3767,170538,318,13328,30,2,0,619997,0,fur
151131,49538,1091641,7622,43853,74,8,0,16935092,0,fy
96997,57630,1106928,1135,53100,86,7,0,8247958,0,ga
6589,2802,67832,0,12808,14,1,0,257370,0,gag
33498,6491,395000,57,38847,16,1,0,411263,0,gan
2557,1050,16507,0,2240,10,1,0,346740,0,gcr
32233,15924,570598,347,25832,25,6,0,2374582,0,gd
477096,190167,6183671,313,129382,259,8,0,81956901,0,gl
13910,6442,62508,808,14405,12,3,0,551417,0,glk
11500,4966,121714,0,16648,32,2,0,844231,0,gn
9069,3560,206490,0,8742,15,3,0,2005123,0,gom
21124,13465,51192,0,4147,30,2,0,749595,0,gor
3808,866,46155,0,17874,10,1,0,93145,0,got
118707,29986,828981,0,69991,76,3,0,8423467,0,gu
1973,1097,31620,0,572,16,2,0,231149,0,guw
21450,5662,313196,184,18252,22,3,0,851039,0,gv
33276,18927,179506,0,19070,132,5,0,9052191,0,ha
18283,9451,122605,0,30607,26,1,0,577481,0,hak
5538,2465,96640,0,15233,20,1,0,221796,0,haw
1352013,323260,34726133,74687,1011040,2876,32,0,199273844,0,he
1200255,153058,5646772,3633,717745,1387,6,0,50497640,0,hi
42522,10270,272704,192,29897,25,2,0,743492,0,hif
129,3,3786,0,1575,0,1,0,205,0,ho
443641,212949,6469861,21065,280087,499,11,0,66365389,0,hr
35404,13839,377671,133,23240,37,4,0,2315225,0,hsb
82429,68175,809412,0,28828,47,3,0,7247423,0,ht
1468356,513108,25274823,8491,513824,1606,24,0,203892088,0,hu
991204,293438,8506243,11390,125250,385,11,0,96050572,0,hy
21694,10288,195751,0,7551,31,5,0,4645338,0,hyw
176,0,4483,0,3761,2,1,0,0,0,hz
39171,25142,645088,4,45148,43,6,0,2320919,0,ia
3317159,630114,21718224,48013,1356654,3084,44,0,178193968,0,id
15226,11387,152478,0,17109,30,3,0,3528238,0,ie
16688,11012,98243,0,14237,90,5,0,6193978,0,ig
189,3,11653,0,2031,0,1,0,85,0,ii
2617,445,38008,0,8004,8,2,0,9916,0,ik
70196,15363,397017,0,16295,24,2,0,3365146,0,ilo
11977,2108,55607,37,3374,14,2,0,268200,0,inh
50447,34260,998182,0,33957,58,5,0,5704803,0,io
142401,55005,1765645,3218,87562,149,19,0,12389506,0,is
7526022,1774114,129424882,137187,2299360,7537,123,0,850415711,0,it
3191,597,44550,0,17138,15,2,0,14389,0,iu
3974318,1345526,91559868,27676,1984702,14672,41,0,1318592761,0,ja
3024,1685,20779,0,7368,11,1,0,186363,0,jam
5718,1305,111690,0,15140,9,2,0,463851,0,jbo
180220,71620,1596912,5430,54486,100,4,0,10419194,0,jv
461897,163351,4410301,14895,144193,206,6,0,36638622,0,ka
5322,2037,47673,3,10372,33,2,0,285656,0,kaa
15930,6456,106070,0,12151,21,2,0,668996,0,kab
6742,1595,43729,0,9199,11,1,0,230863,0,kbd
3375,1698,16091,0,3905,12,2,0,481206,0,kbp
2506,493,17112,0,511,5,1,0,78469,0,kcg
2909,1257,43812,0,10066,14,1,0,39056,0,kg
3076,1502,20695,0,8037,12,1,0,46841,0,ki
114,4,3548,0,1377,0,1,0,113,0,kj
589890,232314,3078374,10546,122374,300,16,0,34082150,0,kk
2260,242,74502,0,12383,9,3,0,25176,0,kl
33350,9479,283780,1036,36795,101,6,0,7238046,0,km
131243,28742,1117313,2611,77148,156,4,0,19464159,0,kn
2756463,608557,33330247,12752,755014,1670,27,0,150887620,0,ko
11103,3445,59893,0,7954,13,1,0,413252,0,koi
162,0,4641,0,5464,1,1,0,0,0,kr
14327,2057,106240,0,9743,14,2,0,318894,0,krc
9011,2266,64991,9,9476,19,2,0,101233,0,ks
10541,2916,1606896,0,21488,19,3,0,508551,0,ksh
112666,57051,1103883,564,52385,96,3,0,5912431,0,ku
16821,5491,139974,0,13348,22,1,0,793872,0,kv
11821,5561,199793,6,13874,26,2,0,576930,0,kw
110528,80703,427450,2687,33623,94,4,0,11319113,0,ky
276148,137074,3697360,0,159724,170,21,0,20285922,0,la
12948,3605,208956,23,19803,20,5,0,779348,0,lad
131955,61155,2396531,2381,55613,73,5,0,11705751,0,lb
14760,1264,50378,0,7860,13,2,0,44390,0,lbe
13070,4307,86769,10,9880,17,3,0,792882,0,lez
6685,4179,38184,0,9452,25,1,0,1520065,0,lfn
4870,1459,26922,0,7242,22,1,0,600751,0,lg
65675,13798,454754,623,26741,27,7,0,4480783,0,li
26658,11043,234989,7,14646,29,8,0,1762574,0,lij
74413,70282,110323,0,2398,30,3,0,3343843,0,lld
125143,56020,1137305,4437,38205,41,5,0,6290914,0,lmo
8595,3288,121939,32,11940,29,4,0,250830,0,ln
12330,4031,95230,0,15596,40,1,0,1341097,0,lo
237,1,140064,0,5037,1,1,0,2,0,lrc
502744,205100,6691554,23962,167872,372,10,0,43670288,0,lt
3224,1015,35348,0,6748,7,1,0,102758,0,ltg
470705,115929,3689432,25647,109036,311,13,0,28663833,0,lv
1635,863,8979,0,1628,14,0,0,92621,0,mad
39469,13724,229973,115,11943,27,5,0,1387701,0,mai
30215,13753,213342,462,15045,16,1,0,687519,0,map-bms
12112,2090,65376,0,8614,15,3,0,418602,0,mdf
245281,94934,1048087,3,29125,49,3,0,9165232,0,mg
206,4,4212,0,2141,1,1,0,585,0,mh
27401,10466,185362,0,13223,26,1,0,2659444,0,mhr
13726,7543,158597,0,16868,32,2,0,779397,0,mi
385712,225733,2462998,177,16315,46,5,0,20230743,0,min
526053,130820,4808749,8682,104163,211,12,0,57323171,0,mk
490820,79465,3727990,6975,164551,266,15,0,24563444,0,ml
98482,21545,712040,1475,78982,104,3,0,7123748,0,mn
16267,10130,49180,0,2370,14,1,0,438038,0,mni
4791,1440,34978,0,2729,15,2,0,1357487,0,mnw
289342,87078,2179129,19141,147104,195,12,0,13770770,0,mr
18757,10426,100770,0,10038,17,1,0,698298,0,mrj
1043931,360705,5668279,19581,300805,568,15,0,64529764,0,ms
19337,4956,280832,1052,20377,34,5,0,3730682,0,mt
115,1,3603,0,2348,0,1,0,112,0,mus
10222,3884,98764,0,12298,21,1,0,3219408,0,mwl
218876,103857,761305,2960,104596,139,4,0,20113364,0,my
26511,7718,140556,0,11911,17,4,0,1526941,0,myv
30474,13455,166080,263,30678,31,3,0,1380545,0,mzn
4887,1661,89583,4,11570,19,1,0,42234,0,na
19585,7269,504161,170,20864,27,3,0,418226,0,nah
23721,14732,664798,281,27947,24,3,0,778419,0,nap
162813,83996,991107,0,49361,44,4,0,15549530,0,nds
20408,7595,321678,571,26063,28,6,0,1913270,0,nds-nl
103991,32213,1077897,1268,59279,90,5,0,6610736,0,ne
196960,72351,860660,0,25243,18,2,0,8199750,0,new
443,8,5923,0,2385,0,1,0,2693,0,ng
3640,1535,17820,0,1242,12,2,0,297388,0,nia
4479022,2103013,62912447,20,1232957,3638,36,0,366883854,0,nl
372948,162933,3395917,16,122787,156,14,0,36658337,0,nn
1706416,599036,22953380,4,562800,1294,45,0,171845499,0,no
4417,1522,178063,0,10911,23,3,0,131273,0,nov
2739,1342,10297,0,2960,13,1,0,676020,0,nqo
10379,4836,219323,0,12450,16,2,0,417330,0,nrm
10775,8525,49883,0,5932,8,1,0,305610,0,nso
34853,20641,296688,716,15326,21,2,0,1342621,0,nv
4021,925,38987,0,9539,18,2,0,234865,0,ny
156639,87673,2330725,933,48828,92,4,0,18607375,0,oc
10819,3944,32484,0,6085,17,2,0,345469,0,olo
3751,1094,38127,0,9571,12,1,0,310557,0,om
72362,16046,465553,132,31400,47,6,0,4956811,0,or
60367,16373,526321,158,22799,29,3,0,1218440,0,os
135355,38797,614778,1609,42821,100,9,0,14461160,0,pa
8809,2565,73357,0,7623,10,1,0,523909,0,pag
21432,8851,295905,403,19542,29,2,0,1503838,0,pam
6152,2811,92013,0,13477,22,5,0,519799,0,pap
10584,5444,68967,49,15967,23,3,0,741169,0,pcd
1322,359,15272,0,314,24,2,0,154864,0,pcm
5841,1937,105196,0,30585,18,1,0,134740,0,pdc
6916,2740,90113,0,10879,8,4,0,556144,0,pfl
4641,2547,101692,1,6689,5,2,0,63815,0,pi
3326,893,44203,0,10571,17,1,0,44390,0,pih
3539848,1537593,68217927,261,1194318,4076,100,0,455638647,0,pl
101538,66404,855689,2069,25484,41,4,0,153398,0,pms
114351,66206,608687,148,32852,54,2,0,35029241,0,pnb
2040,481,35157,0,9548,10,1,0,52000,0,pnt
55555,16148,285899,1734,28175,41,1,0,12915430,0,ps
5423535,1095459,64320483,58527,2813127,8238,54,0,492057127,0,pt
449,294,11425,0,902,11,0,0,122709,0,pwn
55993,23076,650298,0,27423,46,2,0,1847715,0,qu
9599,3756,163283,51,18711,26,3,0,2793792,0,rm
2709,735,50309,0,16479,14,1,0,47770,0,rmy
2450,620,23122,0,9028,7,1,0,55622,0,rn
2629149,433768,15070404,116629,595492,953,17,0,137767151,0,ro
4308,1298,205566,0,13087,12,1,0,167940,0,roa-rup
17658,9306,140457,288,10886,11,2,0,1145868,0,roa-tara
7458610,1857786,125552506,238937,3256393,10370,75,0,953897016,0,ru
17723,8418,131941,87,25719,27,1,0,1170232,0,rue
9965,3811,88406,0,11324,39,1,0,776343,0,rw
70779,11790,471162,445,35863,77,4,0,2688988,0,sa
48045,14988,386191,1765,22418,44,3,0,3070262,0,sah
17621,7482,101736,0,5603,31,4,0,2515040,0,sat
16510,7344,178207,150,22154,34,4,0,2148862,0,sc
55716,26222,734199,1407,41670,45,5,0,2445293,0,scn
146294,40209,864436,690,96703,101,4,0,8358084,0,sco
56289,15268,240658,145,15954,35,4,0,4284980,0,sd
20860,7802,301259,0,26544,28,6,0,691352,0,se
1983,312,20584,0,6028,10,2,0,24396,0,sg
4644726,457066,41247327,10247,177670,192,12,0,145993407,0,sh
3857,1157,33475,0,1562,11,2,0,284393,0,shi
27804,11946,56174,61,3355,20,2,0,867296,0,shn
80672,18106,515288,3113,59137,81,3,0,8768715,0,si
713076,219222,8445991,36,1236614,1107,18,0,48366605,0,simple
550990,242247,7421748,0,223473,542,10,0,59139370,0,sk
5866,5326,27203,0,1373,6,1,0,2227050,0,skr
441041,177947,5774798,8330,214840,334,22,0,62211121,0,sl
3304,1067,42775,0,9697,13,1,0,154883,0,sm
14709,4651,69305,0,2423,16,6,0,630151,0,smn
17236,8814,99358,0,15679,30,1,0,990668,0,sn
25990,8575,242080,0,32654,91,1,0,2313904,0,so
264503,86402,2475180,4732,144991,217,11,0,30386945,0,sq
3994539,663531,25220464,36794,312942,746,19,0,171428441,0,sr
2731,1113,39180,0,7089,10,1,0,100214,0,srn
2435,590,38150,0,7691,14,3,0,73362,0,ss
4259,845,28484,0,9511,14,1,0,138244,0,st
10701,4066,121230,429,12616,15,5,0,657351,0,stq
97458,61302,629876,545,28636,52,7,0,6403610,0,su
6129060,2554064,51152058,0,837246,2088,67,0,486430550,0,sv
154083,75208,1249735,2274,55985,184,14,0,11345788,0,sw
69208,55901,348114,0,21986,40,3,0,5605568,0,szl
5395,2058,128990,0,2370,23,1,0,1752380,0,szy
469347,149159,3518925,7665,209592,316,31,0,41645667,0,ta
2835,2425,54220,0,1160,9,0,0,383315,0,tay
9093,1748,103426,2,4994,20,2,0,607455,0,tcy
308584,78717,3662991,12977,115587,188,13,0,37312229,0,te
3912,1503,66667,0,8978,15,2,0,236527,0,tet
263159,107731,1312513,485,36570,72,6,0,9597361,0,tg
982353,150288,10305544,27106,433199,1072,15,0,95072241,0,th
2741,238,23929,0,8532,16,2,0,45500,0,ti
15988,6458,232241,321,25048,37,3,0,1422498,0,tk
234817,43266,1969735,1896,125092,152,11,0,14765116,0,tl
3953,783,29223,4,9334,13,1,0,252715,0,tn
5341,1912,41705,12,9308,10,2,0,170184,0,to
5681,1351,86648,0,12476,11,1,0,71732,0,tpi
2424012,523449,28577689,37746,1431342,2853,24,0,138351518,0,tr
2065,1110,86638,0,1244,17,0,0,742315,0,trv
3768,720,36713,0,8904,12,2,0,162273,0,ts
566736,417777,3548142,6129,43651,84,5,0,84048193,0,tt
10132,7315,37008,1,7257,25,2,0,814364,0,tum
5121,2148,94352,0,14018,24,2,0,718598,0,tw
2993,1217,53093,0,6912,6,2,0,27824,0,ty
11315,3368,43593,0,8164,13,1,0,1075710,0,tyv
17596,5343,121865,9,13916,23,4,0,519587,0,udm
14972,5402,154884,185,20024,36,2,0,2650057,0,ug
4164696,1198887,37179627,110316,647053,3250,46,0,424748016,0,uk
1003570,178183,5158696,12726,151801,316,11,0,42782384,0,ur
718489,178021,2985543,2167,80054,803,20,0,40094264,0,uz
2236,748,19313,0,7264,13,1,0,43470,0,ve
140584,69035,1102390,724,32354,29,5,0,7979240,0,vec
31298,6697,153580,0,14574,28,1,0,1348185,0,vep
19383579,1276703,69106142,24669,882323,1878,20,0,309448657,0,vi
21274,7657,309898,480,24812,22,5,0,1636875,0,vls
154246,32134,3277776,0,32598,31,2,0,2505923,0,vo
27375,11617,389549,616,22464,36,4,0,1921696,0,wa
2881816,1265959,6288125,42,53283,87,3,0,148853156,0,war
5371,1650,104539,0,14026,18,3,0,660432,0,wo
56275,42556,298408,132,79405,50,4,0,4004743,0,wuu
11912,2047,85162,0,9320,15,1,0,123276,0,xal
3836,1241,33979,0,11869,21,1,0,275611,0,xh
36675,19702,188538,0,17272,29,3,0,1892556,0,xmf
44261,15399,580008,1062,45903,45,3,0,3427156,0,yi
55553,31862,556106,168,25206,79,3,0,2352873,0,yo
4145,2012,39375,0,9824,14,1,0,111248,0,za
10029,5263,122857,1,12169,18,3,0,851208,0,zea
7168801,1309338,73623773,61228,3267763,8192,66,0,615069403,0,zh
97869,11665,382829,0,95152,58,6,0,2576461,0,zh-classical
1063856,431846,3141531,335,54541,93,6,0,25727153,0,zh-min-nan
287684,128005,1889366,2631,245730,271,13,0,21013090,0,zh-yue
23995,10586,96901,0,17874,29,1,0,814068,0,zu
